a <- 1

#0=left, 1=right
choice <- c(0, 1, 0, 1, 1, 0, 1, 0)
